65,1
65,0
64,5
64,4
64,3
64,2
64,1
64,0
63,7
63,6
63,5
63,4
63,3
63,2
63,1
63,0
62,4
62,3
62,2
62,1
62,0
61,4
61,3
61,2
61,1
61,0
60,4
60,3
60,2
60,1
60,0
59,4
59,3
59,2
59,1
59,0
58,5
58,4
58,3
58,2
58,1
58,0
55,4
55,3
55,2
55,1
55,0
53,4
53,3
53,2
53,1
53,0
52,4
52,3
52,2
52,1
52,0
51,4
51,3
51,2
51,1
51,0
50,7
50,6
50,3
50,2
50,1
50,0
49,4
49,3
49,2
49,1
49,0
48,5
48,4
48,3
48,2
48,1
48,0
45,4
45,3
45,2
45,1
45,0
44,7
44,6
44,5
44,3
44,2
44,1
44,0
43,3
43,2
43,1
43,0
42,4
42,3
42,2
42,1
42,0
41,4
41,3
41,2
41,1
41,0
40,4
40,3
40,2
40,1
40,0
35,6
35,5
35,4
35,3
35,2
35,1
35,0
33,4
33,3
33,2
33,1
33,0
31,4
31,3
31,2
31,1
31,0
30,3
30,2
30,1
30,0
29,4
29,3
29,2
29,1
29,0
28,5
28,4
28,3
28,2
28,1
28,0
27,4
27,3
27,2
27,1
27,0
24,4
24,3
24,2
24,1
24,0
22,5
22,3
22,2
22,1
22,0
20,4
20,3
20,2
20,1
20,0
18,4
18,3
18,2
18,1
18,0
17,4
17,3
17,2
17,1
17,0
16,5
16,4
16,3
16,2
16,1
16,0
15,4
15,3
15,2
15,1
15,0
14,3
14,2
14,1
14,0
8,6
8,5
8,4
8,3
8,2
8,1
8,0
7,2
7,1
7,0
6,6
6,5
6,4
6,3
6,2
6,1
6,0
5,18
5,17
5,16
5,15
5,13
5,12
5,11
5,10
5,9
5,8
5,3
5,2
5,1
5,0
7,3
4,3
4,2
4,1
4,0
3,2
2,2
1,2
0,59
0,58
0,56
0,55
0,9
0,2
65,2
65,3
65,5
66,0
66,2
66,3
66,5
67,1
67,2
67,4
74,0
74,2
74,4
74,5
74,7
81,0
81,2
81,3
81,5
82,1
82,2
82,4
82,5
86,1
86,3
86,4
87,0
87,1
87,3
87,4
100,0
100,2
100,3
100,5
100,6
109,1
109,3
109,4
109,6
110,0
110,2
110,3
110,5
110,7
110,8
111,1
111,2
112,0
112,2
112,3
112,6
113,0
113,2
113,4
113,5
114,1
114,2
114,4
114,5
118,1
118,3
118,4
120,1
120,2
120,4
121,1
121,2
121,4
121,5
122,1
122,2
122,4
123,1
123,2
123,4
124,0
124,2
124,4
125,0
125,2
125,3
126,0
126,1
126,3
127,0
127,1
127,3
127,4
128,1
128,3
128,4
129,1
129,2
129,5
129,7
130,0
130,2
130,3
133,0
133,1
133,3
133,5
133,6
134,1
134,2
134,4
134,6
134,7
135,0
135,1
135,3
135,4
135,6
135,8
136,0
136,2
136,3
136,5
136,7
136,8
137,1
137,2
137,4
137,5
138,0
138,2
138,3
138,6
138,7
139,0
139,2
139,3
140,0
140,1
140,3
140,4
140,6
141,1
141,2
141,4
141,3
141,0
140,5
140,2
139,4
139,1
138,8
138,5
138,1
137,6
137,3
137,0
136,6
136,4
136,1
135,7
135,5
135,2
134,8
134,5
134,3
134,0
133,4
133,2
130,4
130,1
129,6
129,3
129,0
128,2
128,0
127,2
126,4
126,2
125,4
125,1
124,3
124,1
123,3
123,0
122,3
122,0
121,3
121,0
120,3
120,0
118,2
118,0
114,3
114,0
113,3
113,1
112,4
112,1
111,3
111,0
110,6
110,4
110,1
109,5
109,2
109,0
100,4
100,1
87,5
87,2
86,5
86,2
86,0
82,3
82,0
81,4
81,1
74,6
74,3
74,1
67,3
67,0
66,4
66,1
65,4
0,53
1,45
3,44
2,44
1,44
3,43
2,43
1,43
3,42
2,42
1,42
3,41
2,41
1,41
3,40
2,40
1,40
3,39
2,39
1,39
3,38
2,38
1,38
3,37
2,37
1,37
3,36
2,36
1,36
3,35
2,35
1,35
3,34
2,34
1,34
3,33
2,33
1,33
3,32
2,32
1,32
3,31
2,31
1,31
3,30
2,30
1,30
3,29
2,29
1,29
3,28
2,28
1,28
3,27
2,27
1,27
3,26
2,26
1,26
3,25
2,25
1,25
3,24
2,24
1,24
3,23
2,23
1,23
3,22
2,22
1,22
3,21
2,21
1,21
3,20
2,20
1,20
3,19
2,19
1,19
3,18
2,18
1,18
3,17
2,17
1,17
3,16
2,16
1,16
3,15
2,15
1,15
3,14
2,14
1,14
3,13
2,13
1,13
3,12
2,12
1,12
3,11
2,11
1,11
3,10
2,10
1,10
3,9
2,9
1,9
3,8
2,8
1,8
3,7
2,7
1,7
3,6
2,45
2,6
1,6
3,5
2,5
1,5
3,4
2,4
1,4
3,3
3,0
2,3
2,0
1,3
1,0
0,6
0,0
0,47
0,46
0,49
0,48
0,45
0,12
0,51
0,10
0,8
0,54
0,11
0,5
0,7
0,4
0,3
